data/strange_animal/1017.jpg	0.487500	0.320675	0.670000	0.433193
data/strange_animal/1024.jpg	0.215000	0.293952	0.617500	0.481013
data/strange_animal/1145.jpg	0.117500	0.365682	0.390000	0.516174
data/strange_animal/1145.jpg	0.382500	0.427567	0.742500	0.571027
data/strange_animal/1249.jpg	0.277500	0.372714	0.590000	0.542897
data/strange_animal/1249.jpg	0.465000	0.286920	0.630000	0.400844
data/strange_animal/1249.jpg	0.657500	0.251758	0.970000	0.448664
data/strange_animal/1313.jpg	0.660000	0.450070	0.955000	0.646976
data/strange_animal/1313.jpg	0.130000	0.212377	0.452500	0.379747
data/strange_animal/1394.jpg	0.010000	0.313643	0.435000	0.565401
data/strange_animal/1394.jpg	0.590000	0.263010	0.910000	0.450070
data/strange_animal/1407.jpg	0.497500	0.383966	0.900000	0.637131
data/strange_animal/1433.jpg	0.517500	0.257384	0.695000	0.390999
data/strange_animal/1441.jpg	0.212500	0.382560	0.662500	0.663854
data/strange_animal/1446.jpg	0.215000	0.270042	0.690000	0.552743
data/strange_animal/1463.jpg	0.057500	0.465541	0.615000	0.736990
data/strange_animal/1493.jpg	0.062500	0.419128	0.570000	0.663854
data/strange_animal/1499.jpg	0.345000	0.482419	0.792500	0.724332
data/strange_animal/1578.jpg	0.382500	0.361463	0.867500	0.654008
data/strange_animal/1583.jpg	0.412500	0.399437	0.885000	0.677918
data/strange_animal/1595.jpg	0.322500	0.426160	0.775000	0.665260
data/strange_animal/1595.jpg	-0.002500	0.247539	0.197500	0.375527
data/strange_animal/1605.jpg	-0.002500	0.341772	0.355000	0.583685
data/strange_animal/1605.jpg	0.590000	0.253165	0.782500	0.374121
data/strange_animal/1610.jpg	0.630000	0.345992	0.995000	0.578059
data/strange_animal/1624.jpg	0.210000	0.375527	0.690000	0.627286
data/strange_animal/1699.jpg	0.035000	0.381153	0.480000	0.601969
data/strange_animal/1699.jpg	0.640000	0.357243	0.987500	0.587904
data/strange_animal/195.jpg	0.212500	0.437412	0.647500	0.714487
data/strange_animal/222.jpg	0.707500	0.270042	0.987500	0.476793
data/strange_animal/222.jpg	0.252500	0.265823	0.462500	0.392405
data/strange_animal/245.jpg	0.012500	0.250352	0.467500	0.490858
data/strange_animal/264.jpg	0.492500	0.364276	1.000000	0.651195
data/strange_animal/264.jpg	0.007500	0.458509	0.387500	0.718706
data/strange_animal/303.jpg	0.092500	0.444444	0.447500	0.696203
data/strange_animal/303.jpg	0.765000	0.281294	1.000000	0.482419
data/strange_animal/365.jpg	0.220000	0.284107	0.570000	0.495077
data/strange_animal/391.jpg	0.320000	0.303797	0.617500	0.462729
data/strange_animal/499.jpg	0.012500	0.436006	0.487500	0.690577
data/strange_animal/566.jpg	0.337500	0.412096	0.782500	0.696203
data/strange_animal/576.jpg	0.217500	0.285513	0.500000	0.458509
data/strange_animal/586.jpg	0.357500	0.258790	0.725000	0.423347
data/strange_animal/601.jpg	0.192500	0.244726	0.565000	0.419128
data/strange_animal/608.jpg	0.017500	0.288326	0.417500	0.500703
data/strange_animal/608.jpg	0.705000	0.265823	0.990000	0.447257
data/strange_animal/615.jpg	0.155000	0.253165	0.537500	0.440225
data/strange_animal/624.jpg	0.065000	0.260197	0.487500	0.455696
data/strange_animal/669.jpg	0.060000	0.338959	0.370000	0.506329
data/strange_animal/683.jpg	0.265000	0.316456	0.525000	0.451477
data/strange_animal/696.jpg	0.267500	0.358650	0.645000	0.544304
data/strange_animal/731.jpg	0.225000	0.367089	0.640000	0.601969
data/strange_animal/731.jpg	0.627500	0.338959	0.950000	0.511955
data/strange_animal/86.jpg	0.235000	0.303797	0.517500	0.437412
data/strange_animal/86.jpg	0.235000	0.303797	0.517500	0.437412
data/strange_animal/86.jpg	0.235000	0.303797	0.517500	0.437412
data/strange_animal/86.jpg	0.235000	0.303797	0.517500	0.437412
data/strange_animal/875.jpg	0.642500	0.303797	0.832500	0.399437
data/strange_animal/875.jpg	0.557500	0.360056	0.815000	0.499297
data/strange_animal/875.jpg	0.247500	0.324895	0.500000	0.455232
data/strange_animal/893.jpg	0.552500	0.322082	0.792500	0.478200
data/strange_animal/926.jpg	0.222500	0.298172	0.557500	0.472574
data/strange_animal/941.jpg	0.147500	0.431786	0.505000	0.648383
data/strange_animal/964.jpg	0.332500	0.351617	0.712500	0.569620
data/strange_animal/972.jpg	0.245000	0.277075	0.515000	0.417722
data/strange_animal/978.jpg	0.362500	0.288326	0.602500	0.454290
data/strange_animal/978.jpg	0.632500	0.267229	0.860000	0.426160
data/hard_cattle/1099.jpg	0.000000	0.452883	0.240000	0.613221
data/hard_cattle/1203.jpg	0.007500	0.298172	0.357500	0.490858
data/hard_cattle/1203.jpg	0.467500	0.399437	0.752500	0.578059
data/hard_cattle/1215.jpg	0.530000	0.454290	0.815000	0.624473
data/hard_cattle/1226.jpg	0.210000	0.309423	0.552500	0.513361
data/hard_cattle/1226.jpg	0.530000	0.481013	0.807500	0.663854
data/hard_cattle/1322.jpg	0.005000	0.246132	0.422500	0.448664
data/hard_cattle/1322.jpg	0.632500	0.299578	0.985000	0.509142
data/hard_cattle/1419.jpg	0.217500	0.354430	0.630000	0.600563
data/hard_cattle/1458.jpg	0.537500	0.466948	0.990000	0.739803
data/hard_cattle/1458.jpg	0.020000	0.482419	0.505000	0.739803
data/hard_cattle/1480.jpg	0.030000	0.476793	0.530000	0.739803
data/hard_cattle/1631.jpg	0.075000	0.419128	0.610000	0.669480
data/hard_cattle/1686.jpg	0.425000	0.489451	0.797500	0.700422
data/hard_cattle/1686.jpg	0.000000	0.330520	0.400000	0.587904
data/hard_cattle/1712.jpg	0.515000	0.471167	0.957500	0.687764
data/hard_cattle/1712.jpg	0.137500	0.341772	0.562500	0.538678
data/hard_cattle/1771.jpg	0.005000	0.389592	0.265000	0.510549
data/hard_cattle/1771.jpg	0.590000	0.438819	0.965000	0.655415
data/hard_cattle/1790.jpg	0.137500	0.409283	0.490000	0.618847
data/hard_cattle/1790.jpg	0.622500	0.374121	0.905000	0.568214
data/hard_cattle/1808.jpg	0.002500	0.486639	0.355000	0.686357
data/hard_cattle/1823.jpg	-0.002500	0.428973	0.297500	0.680731
data/hard_cattle/1823.jpg	0.360000	0.466948	0.727500	0.665260
data/hard_cattle/1829.jpg	0.122500	0.457103	0.502500	0.637131
data/hard_cattle/1829.jpg	0.575000	0.421941	0.985000	0.652602
data/hard_cattle/273.jpg	0.117500	0.402250	0.625000	0.641350
data/hard_cattle/311.jpg	0.245000	0.410689	0.797500	0.707454
data/hard_cattle/317.jpg	0.407500	0.353024	0.947500	0.665260
data/hard_cattle/483.jpg	0.542500	0.396624	0.982500	0.677918
data/hard_cattle/675.jpg	0.005000	0.659634	0.447500	0.884669
data/hard_cattle/675.jpg	0.645000	0.263010	0.967500	0.489451
data/hard_cattle/675.jpg	0.427500	0.361463	0.710000	0.531646
data/hard_cattle/703.jpg	0.010000	0.492264	0.462500	0.739803
data/hard_cattle/884.jpg	0.330000	0.517581	0.665000	0.690577
data/hard_cattle/935.jpg	0.355000	0.327707	0.655000	0.490858
no_overlap_cow/105.jpg 0.225554 0.262935 0.492347 0.515636
no_overlap_cow/121.jpg 0.593827 0.276433 0.927116 0.545363
no_overlap_cow/121.jpg 0.215049 0.349482 0.487214 0.539810
no_overlap_cow/121.jpg 0.205193 0.239890 0.968418 0.607541
no_overlap_cow/142.jpg 0.254114 0.284362 0.596066 0.551934
no_overlap_cow/142.jpg 0.736062 0.353426 0.998809 0.626297
no_overlap_cow/159.jpg 0.235023 0.312708 0.578997 0.582178
no_overlap_cow/195.jpg 0.271710 0.261404 0.633948 0.695884
no_overlap_cow/208.jpg 0.264906 0.275691 0.767251 0.638690
no_overlap_cow/222.jpg 0.445006 0.234533 0.782225 0.628372
no_overlap_cow/234.jpg 0.209933 0.283289 0.623631 0.634537
no_overlap_cow/273.jpg 0.164337 0.267134 0.687159 0.623594
no_overlap_cow/311.jpg 0.351719 0.373720 0.723537 0.713294
no_overlap_cow/323.jpg 0.545091 0.357129 0.896794 0.661990
no_overlap_cow/339.jpg 0.661668 0.305210 1.000000 0.648743
no_overlap_cow/374.jpg 0.061180 0.182189 0.315851 0.559572
no_overlap_cow/382.jpg 0.221857 0.376043 0.638134 0.670251
no_overlap_cow/402.jpg 0.000000 0.234710 0.394487 0.628824
no_overlap_cow/402.jpg 0.048260 0.221236 0.760979 0.708264
no_overlap_cow/402.jpg 0.727178 0.448725 0.997806 0.779550
no_overlap_cow/410.jpg 0.318296 0.274147 0.639614 0.637402
no_overlap_cow/410.jpg 0.252334 0.240371 0.781637 0.651896
no_overlap_cow/419.jpg 0.076280 0.446854 0.390132 0.766525
no_overlap_cow/427.jpg 0.266461 0.324565 0.736974 0.637967
no_overlap_cow/437.jpg 0.232135 0.283473 0.545117 0.626786
no_overlap_cow/443.jpg 0.316249 0.259985 0.682088 0.632859
no_overlap_cow/452.jpg 0.130043 0.362487 0.588695 0.734388
no_overlap_cow/452.jpg 0.159746 0.266220 0.725928 0.740350
no_overlap_cow/460.jpg 0.322581 0.276446 0.718213 0.622998
no_overlap_cow/460.jpg 0.176707 0.228696 0.888449 0.709804
no_overlap_cow/475.jpg 0.119652 0.268850 0.534822 0.631985
no_overlap_cow/475.jpg 0.114694 0.247227 0.802617 0.698148
no_overlap_cow/483.jpg 0.272221 0.203867 0.926337 0.733210
no_overlap_cow/483.jpg 0.013143 0.223875 0.269273 0.496852
no_overlap_cow/483.jpg 0.443845 0.250782 0.919685 0.714724
no_overlap_cow/499.jpg 0.471339 0.259060 0.924482 0.500729
no_overlap_cow/499.jpg 0.466191 0.273474 0.929778 0.487558
no_overlap_cow/514.jpg 0.000000 0.312454 0.358843 0.640396
no_overlap_cow/514.jpg 0.087662 0.210234 0.874832 0.712103
no_overlap_cow/514.jpg 0.469729 0.424701 0.831528 0.703539
no_overlap_cow/514.jpg 0.076665 0.274927 0.658380 0.686487
no_overlap_cow/593.jpg 0.277016 0.246694 0.619133 0.624876
no_overlap_cow/624.jpg 0.516100 0.303985 0.943033 0.653010
no_overlap_cow/633.jpg 0.055357 0.309634 0.367170 0.666374
no_overlap_cow/633.jpg 0.132476 0.230645 0.899344 0.661940
no_overlap_cow/633.jpg 0.339075 0.311638 0.877958 0.654352
no_overlap_cow/643.jpg 0.361286 0.367515 0.980174 0.864930
no_overlap_cow/652.jpg 0.297799 0.276639 0.710543 0.656475
no_overlap_cow/652.jpg 0.316873 0.286898 0.726591 0.642265
no_overlap_cow/659.jpg 0.007109 0.281136 0.282105 0.640889
no_overlap_cow/659.jpg 0.452827 0.326603 0.878072 0.671067
no_overlap_cow/659.jpg 0.081973 0.209697 0.898143 0.724321
no_overlap_cow/690.jpg 0.337501 0.264098 0.883156 0.647073
no_overlap_cow/716.jpg 0.211595 0.291460 0.713563 0.652842
no_overlap_cow/716.jpg 0.164722 0.219714 0.899046 0.699776
no_overlap_cow/721.jpg 0.232931 0.389206 0.560381 0.674022
no_overlap_cow/737.jpg 0.296246 0.357524 0.704570 0.664335
no_overlap_cow/746.jpg 0.218339 0.258860 0.863150 0.676409
no_overlap_cow/751.jpg 0.209963 0.322194 0.504451 0.673211
no_overlap_cow/751.jpg 0.159933 0.293620 0.911598 0.736313
no_overlap_cow/758.jpg 0.365604 0.352820 0.755426 0.663171
no_overlap_cow/764.jpg 0.012764 0.314304 0.239858 0.648967
no_overlap_cow/780.jpg 0.591302 0.316518 0.958888 0.616211
no_overlap_cow/884.jpg 0.378907 0.498027 0.628142 0.703855
no_overlap_cow/884.jpg 0.360841 0.523526 0.640619 0.703534
no_overlap_cow/884.jpg 0.368318 0.508704 0.631398 0.714063
no_overlap_cow/905.jpg 0.155427 0.319071 0.521940 0.607908
no_overlap_cow/919.jpg 0.135750 0.325819 0.496260 0.608489
no_overlap_cow/919.jpg 0.601872 0.315107 0.876056 0.610060
no_overlap_cow/919.jpg 0.114158 0.248041 0.914904 0.669192
no_overlap_cow/935.jpg 0.389690 0.341584 0.654580 0.613019
no_overlap_cow/941.jpg 0.145982 0.348933 0.524269 0.616042
no_overlap_cow/953.jpg 0.479382 0.390340 0.724611 0.617003
no_overlap_cow/972.jpg 0.246989 0.305566 0.423812 0.546703
no_overlap_cow/1099.jpg 0.000543 0.453177 0.179166 0.615439
no_overlap_cow/1159.jpg 0.158954 0.322861 0.378361 0.569945
no_overlap_cow/1170.jpg 0.522480 0.321232 0.854727 0.583706
no_overlap_cow/1193.jpg 0.077732 0.299278 0.455634 0.561774
no_overlap_cow/1203.jpg 0.471319 0.384009 0.778450 0.563999
no_overlap_cow/1203.jpg 0.028237 0.268994 0.318165 0.548399
no_overlap_cow/1226.jpg 0.207602 0.290416 0.558496 0.574856
no_overlap_cow/1226.jpg 0.559057 0.462747 0.781018 0.663952
no_overlap_cow/1238.jpg 0.044410 0.406321 0.301310 0.606120
no_overlap_cow/1258.jpg 0.238756 0.285924 0.865396 0.580935
no_overlap_cow/1258.jpg 0.219271 0.299794 0.525409 0.559496
no_overlap_cow/1258.jpg 0.694491 0.297275 1.000000 0.563723
no_overlap_cow/1258.jpg 0.128193 0.239185 0.933990 0.647934
no_overlap_cow/1306.jpg 0.355294 0.315384 0.613905 0.598562
no_overlap_cow/1313.jpg 0.572785 0.340712 0.935779 0.637370
no_overlap_cow/1322.jpg 0.054319 0.232390 0.437652 0.568139
no_overlap_cow/1322.jpg 0.051027 0.236215 0.726684 0.577923
no_overlap_cow/1332.jpg 0.513231 0.292208 0.943445 0.565760
no_overlap_cow/1342.jpg 0.253078 0.299306 0.577244 0.603959
no_overlap_cow/1342.jpg 0.713772 0.413820 0.987466 0.630235
no_overlap_cow/1351.jpg 0.667549 0.306643 0.993247 0.601380
no_overlap_cow/1351.jpg 0.226517 0.321191 0.510288 0.603622
no_overlap_cow/1351.jpg 0.195844 0.286517 0.929966 0.622596
no_overlap_cow/1351.jpg 0.347262 0.322498 0.853623 0.603881
no_overlap_cow/1362.jpg 0.382071 0.307642 0.717703 0.611659
no_overlap_cow/1369.jpg 0.199380 0.320009 0.602802 0.624723
no_overlap_cow/1369.jpg 0.747866 0.416911 1.000000 0.690218
no_overlap_cow/1369.jpg 0.169192 0.271902 0.725785 0.650639
no_overlap_cow/1400.jpg 0.159863 0.359580 0.450431 0.619931
no_overlap_cow/1415.jpg 0.287288 0.269811 0.685512 0.623817
no_overlap_cow/1419.jpg 0.283667 0.305616 0.651740 0.628166
no_overlap_cow/1419.jpg 0.257657 0.289636 0.683763 0.622551
no_overlap_cow/1427.jpg 0.143642 0.330462 0.443091 0.632835
no_overlap_cow/1433.jpg 0.118613 0.171415 0.870107 0.640281
no_overlap_cow/1433.jpg 0.200503 0.236086 0.708474 0.603093
no_overlap_cow/1437.jpg 0.193862 0.229148 0.713875 0.651394
no_overlap_cow/1441.jpg 0.239203 0.329694 0.671494 0.645072
no_overlap_cow/1446.jpg 0.248554 0.267859 0.665449 0.627968
no_overlap_cow/1451.jpg 0.219889 0.248770 0.703715 0.652246
no_overlap_cow/1469.jpg 0.440274 0.329303 0.984980 0.643686
no_overlap_cow/1474.jpg 0.511142 0.257479 0.885581 0.670084
no_overlap_cow/1480.jpg 0.091879 0.452096 0.450160 0.756487
no_overlap_cow/1487.jpg 0.526773 0.345526 0.878255 0.656067
no_overlap_cow/1499.jpg 0.343958 0.287442 0.789872 0.713460
no_overlap_cow/1506.jpg 0.463599 0.294479 0.920752 0.684543
no_overlap_cow/1513.jpg 0.450632 0.438521 0.790495 0.730710
no_overlap_cow/1518.jpg 0.445607 0.321458 0.885555 0.674937
no_overlap_cow/1518.jpg 0.476092 0.353516 0.873375 0.654806
no_overlap_cow/1532.jpg 0.055107 0.287296 0.896462 0.747696
no_overlap_cow/1532.jpg 0.025403 0.401209 0.358478 0.707335
no_overlap_cow/1571.jpg 0.013741 0.262108 0.374608 0.628229
no_overlap_cow/1571.jpg 0.086701 0.217688 0.906929 0.667047
no_overlap_cow/1595.jpg 0.337001 0.335808 0.742992 0.669008
no_overlap_cow/1610.jpg 0.639833 0.318697 0.952105 0.622136
no_overlap_cow/1631.jpg 0.161798 0.401983 0.553850 0.668169
no_overlap_cow/1644.jpg 0.275695 0.354607 0.550707 0.657335
no_overlap_cow/1651.jpg 0.062972 0.387469 0.326856 0.656228
no_overlap_cow/1666.jpg 0.230431 0.275408 0.533335 0.616909
no_overlap_cow/1666.jpg 0.616170 0.309079 0.960373 0.595571
no_overlap_cow/1686.jpg 0.444447 0.477342 0.765038 0.691890
no_overlap_cow/1686.jpg 0.034057 0.309570 0.315152 0.615552
no_overlap_cow/1692.jpg 0.190582 0.353012 0.558320 0.642896
no_overlap_cow/1706.jpg 0.450214 0.367763 0.806023 0.618245
no_overlap_cow/1712.jpg 0.619006 0.467739 0.880186 0.693734
no_overlap_cow/1720.jpg 0.104346 0.348308 0.400283 0.627916
no_overlap_cow/1728.jpg 0.536216 0.411936 0.957255 0.659224
no_overlap_cow/1728.jpg 0.102070 0.332120 0.395496 0.640719
no_overlap_cow/1728.jpg 0.144525 0.274101 0.911554 0.717597
no_overlap_cow/1741.jpg 0.119235 0.308977 0.455599 0.597494
no_overlap_cow/1741.jpg 0.605789 0.340497 0.842844 0.591819
no_overlap_cow/1755.jpg 0.188945 0.341109 0.487525 0.640150
no_overlap_cow/1755.jpg 0.740826 0.391075 0.997255 0.663648
no_overlap_cow/1762.jpg 0.499514 0.350273 0.804665 0.625628
no_overlap_cow/1762.jpg 0.031114 0.326041 0.341591 0.625376
no_overlap_cow/1785.jpg 0.019902 0.331592 0.369846 0.603703
no_overlap_cow/1785.jpg 0.383256 0.296855 0.707698 0.606442
no_overlap_cow/1790.jpg 0.371054 0.341780 0.958277 0.618531
no_overlap_cow/1790.jpg 0.222256 0.395332 0.474443 0.595569
no_overlap_cow/1790.jpg 0.542086 0.370007 0.994481 0.594307
no_overlap_cow/1790.jpg 0.186657 0.328598 0.877722 0.635731
no_overlap_cow/1799.jpg 0.219688 0.340808 0.643199 0.618749
no_overlap_cow/1799.jpg 0.178299 0.303789 0.754140 0.649467
no_overlap_cow/1808.jpg 0.017577 0.470948 0.251358 0.696998
no_overlap_cow/1815.jpg 0.456311 0.334454 0.582460 0.409203
no_overlap_cow/1823.jpg 0.407642 0.453145 0.677161 0.671420
no_overlap_cow/1823.jpg 0.383572 0.455835 0.689747 0.683687
no_overlap_cow/1829.jpg 0.639678 0.404291 0.952858 0.641657
no_overlap_cow/1837.jpg 0.670715 0.324936 0.986706 0.597963
no_overlap_cow/1837.jpg 0.258053 0.335286 0.508259 0.611837