data/strange_animal/1017.jpg	0.487500	0.320675	0.670000	0.433193
data/strange_animal/1024.jpg	0.215000	0.293952	0.617500	0.481013
data/strange_animal/1145.jpg	0.117500	0.365682	0.390000	0.516174
data/strange_animal/1145.jpg	0.382500	0.427567	0.742500	0.571027
data/strange_animal/1249.jpg	0.277500	0.372714	0.590000	0.542897
data/strange_animal/1249.jpg	0.465000	0.286920	0.630000	0.400844
data/strange_animal/1249.jpg	0.657500	0.251758	0.970000	0.448664
data/strange_animal/1313.jpg	0.660000	0.450070	0.955000	0.646976
data/strange_animal/1313.jpg	0.130000	0.212377	0.452500	0.379747
data/strange_animal/1394.jpg	0.010000	0.313643	0.435000	0.565401
data/strange_animal/1394.jpg	0.590000	0.263010	0.910000	0.450070
data/strange_animal/1407.jpg	0.497500	0.383966	0.900000	0.637131
data/strange_animal/1433.jpg	0.517500	0.257384	0.695000	0.390999
data/strange_animal/1441.jpg	0.212500	0.382560	0.662500	0.663854
data/strange_animal/1446.jpg	0.215000	0.270042	0.690000	0.552743
data/strange_animal/1463.jpg	0.057500	0.465541	0.615000	0.736990
data/strange_animal/1493.jpg	0.062500	0.419128	0.570000	0.663854
data/strange_animal/1499.jpg	0.345000	0.482419	0.792500	0.724332
data/strange_animal/1578.jpg	0.382500	0.361463	0.867500	0.654008
data/strange_animal/1583.jpg	0.412500	0.399437	0.885000	0.677918
data/strange_animal/1595.jpg	0.322500	0.426160	0.775000	0.665260
data/strange_animal/1595.jpg	-0.002500	0.247539	0.197500	0.375527
data/strange_animal/1605.jpg	-0.002500	0.341772	0.355000	0.583685
data/strange_animal/1605.jpg	0.590000	0.253165	0.782500	0.374121
data/strange_animal/1610.jpg	0.630000	0.345992	0.995000	0.578059
data/strange_animal/1624.jpg	0.210000	0.375527	0.690000	0.627286
data/strange_animal/1699.jpg	0.035000	0.381153	0.480000	0.601969
data/strange_animal/1699.jpg	0.640000	0.357243	0.987500	0.587904
data/strange_animal/195.jpg	0.212500	0.437412	0.647500	0.714487
data/strange_animal/222.jpg	0.707500	0.270042	0.987500	0.476793
data/strange_animal/222.jpg	0.252500	0.265823	0.462500	0.392405
data/strange_animal/245.jpg	0.012500	0.250352	0.467500	0.490858
data/strange_animal/264.jpg	0.492500	0.364276	1.000000	0.651195
data/strange_animal/264.jpg	0.007500	0.458509	0.387500	0.718706
data/strange_animal/303.jpg	0.092500	0.444444	0.447500	0.696203
data/strange_animal/303.jpg	0.765000	0.281294	1.000000	0.482419
data/strange_animal/365.jpg	0.220000	0.284107	0.570000	0.495077
data/strange_animal/391.jpg	0.320000	0.303797	0.617500	0.462729
data/strange_animal/499.jpg	0.012500	0.436006	0.487500	0.690577
data/strange_animal/566.jpg	0.337500	0.412096	0.782500	0.696203
data/strange_animal/576.jpg	0.217500	0.285513	0.500000	0.458509
data/strange_animal/586.jpg	0.357500	0.258790	0.725000	0.423347
data/strange_animal/601.jpg	0.192500	0.244726	0.565000	0.419128
data/strange_animal/608.jpg	0.017500	0.288326	0.417500	0.500703
data/strange_animal/608.jpg	0.705000	0.265823	0.990000	0.447257
data/strange_animal/615.jpg	0.155000	0.253165	0.537500	0.440225
data/strange_animal/624.jpg	0.065000	0.260197	0.487500	0.455696
data/strange_animal/669.jpg	0.060000	0.338959	0.370000	0.506329
data/strange_animal/683.jpg	0.265000	0.316456	0.525000	0.451477
data/strange_animal/696.jpg	0.267500	0.358650	0.645000	0.544304
data/strange_animal/731.jpg	0.225000	0.367089	0.640000	0.601969
data/strange_animal/731.jpg	0.627500	0.338959	0.950000	0.511955
data/strange_animal/86.jpg	0.235000	0.303797	0.517500	0.437412
data/strange_animal/86.jpg	0.235000	0.303797	0.517500	0.437412
data/strange_animal/86.jpg	0.235000	0.303797	0.517500	0.437412
data/strange_animal/86.jpg	0.235000	0.303797	0.517500	0.437412
data/strange_animal/875.jpg	0.642500	0.303797	0.832500	0.399437
data/strange_animal/875.jpg	0.557500	0.360056	0.815000	0.499297
data/strange_animal/875.jpg	0.247500	0.324895	0.500000	0.455232
data/strange_animal/893.jpg	0.552500	0.322082	0.792500	0.478200
data/strange_animal/926.jpg	0.222500	0.298172	0.557500	0.472574
data/strange_animal/941.jpg	0.147500	0.431786	0.505000	0.648383
data/strange_animal/964.jpg	0.332500	0.351617	0.712500	0.569620
data/strange_animal/972.jpg	0.245000	0.277075	0.515000	0.417722
data/strange_animal/978.jpg	0.362500	0.288326	0.602500	0.454290
data/strange_animal/978.jpg	0.632500	0.267229	0.860000	0.426160
data/hard_cattle/1099.jpg	0.000000	0.452883	0.240000	0.613221
data/hard_cattle/1203.jpg	0.007500	0.298172	0.357500	0.490858
data/hard_cattle/1203.jpg	0.467500	0.399437	0.752500	0.578059
data/hard_cattle/1215.jpg	0.530000	0.454290	0.815000	0.624473
data/hard_cattle/1226.jpg	0.210000	0.309423	0.552500	0.513361
data/hard_cattle/1226.jpg	0.530000	0.481013	0.807500	0.663854
data/hard_cattle/1322.jpg	0.005000	0.246132	0.422500	0.448664
data/hard_cattle/1322.jpg	0.632500	0.299578	0.985000	0.509142
data/hard_cattle/1419.jpg	0.217500	0.354430	0.630000	0.600563
data/hard_cattle/1458.jpg	0.537500	0.466948	0.990000	0.739803
data/hard_cattle/1458.jpg	0.020000	0.482419	0.505000	0.739803
data/hard_cattle/1480.jpg	0.030000	0.476793	0.530000	0.739803
data/hard_cattle/1631.jpg	0.075000	0.419128	0.610000	0.669480
data/hard_cattle/1686.jpg	0.425000	0.489451	0.797500	0.700422
data/hard_cattle/1686.jpg	0.000000	0.330520	0.400000	0.587904
data/hard_cattle/1712.jpg	0.515000	0.471167	0.957500	0.687764
data/hard_cattle/1712.jpg	0.137500	0.341772	0.562500	0.538678
data/hard_cattle/1771.jpg	0.005000	0.389592	0.265000	0.510549
data/hard_cattle/1771.jpg	0.590000	0.438819	0.965000	0.655415
data/hard_cattle/1790.jpg	0.137500	0.409283	0.490000	0.618847
data/hard_cattle/1790.jpg	0.622500	0.374121	0.905000	0.568214
data/hard_cattle/1808.jpg	0.002500	0.486639	0.355000	0.686357
data/hard_cattle/1823.jpg	-0.002500	0.428973	0.297500	0.680731
data/hard_cattle/1823.jpg	0.360000	0.466948	0.727500	0.665260
data/hard_cattle/1829.jpg	0.122500	0.457103	0.502500	0.637131
data/hard_cattle/1829.jpg	0.575000	0.421941	0.985000	0.652602
data/hard_cattle/273.jpg	0.117500	0.402250	0.625000	0.641350
data/hard_cattle/311.jpg	0.245000	0.410689	0.797500	0.707454
data/hard_cattle/317.jpg	0.407500	0.353024	0.947500	0.665260
data/hard_cattle/483.jpg	0.542500	0.396624	0.982500	0.677918
data/hard_cattle/675.jpg	0.005000	0.659634	0.447500	0.884669
data/hard_cattle/675.jpg	0.645000	0.263010	0.967500	0.489451
data/hard_cattle/675.jpg	0.427500	0.361463	0.710000	0.531646
data/hard_cattle/703.jpg	0.010000	0.492264	0.462500	0.739803
data/hard_cattle/884.jpg	0.330000	0.517581	0.665000	0.690577
data/hard_cattle/935.jpg	0.355000	0.327707	0.655000	0.490858