/home/cwh/coding/cow_count/r10/00000090.jpg	0.380000	0.313643	0.637500	0.454290
/home/cwh/coding/cow_count/r10/00000099.jpg	0.657500	0.336146	0.905000	0.476793
/home/cwh/coding/cow_count/r10/00000211.jpg	0.072500	0.265823	0.387500	0.461322
/home/cwh/coding/cow_count/r10/00000217.jpg	0.422500	0.274262	0.757500	0.479606
/home/cwh/coding/cow_count/r10/00000218.jpg	0.472500	0.288326	0.815000	0.461322
/home/cwh/coding/cow_count/r10/00000220.jpg	0.267500	0.286920	0.420000	0.389592
/home/cwh/coding/cow_count/r10/00000229.jpg	0.510000	0.286920	0.675000	0.379747
/home/cwh/coding/cow_count/r10/00000287.jpg	0.010000	0.268636	0.242500	0.445851
/home/cwh/coding/cow_count/r10/00000288.jpg	0.022500	0.277075	0.282500	0.444444
/home/cwh/coding/cow_count/r10/00000295.jpg	0.355000	0.278481	0.665000	0.437412
/home/cwh/coding/cow_count/r10/00000296.jpg	0.402500	0.275668	0.675000	0.448664
/home/cwh/coding/cow_count/r10/00000297.jpg	0.437500	0.277075	0.730000	0.448664
/home/cwh/coding/cow_count/r10/00000300.jpg	0.590000	0.302391	0.890000	0.472574
/home/cwh/coding/cow_count/r10/00000348.jpg	0.752500	0.260197	0.945000	0.379747
/home/cwh/coding/cow_count/r10/00000362.jpg	0.032500	0.277075	0.335000	0.475387
/home/cwh/coding/cow_count/r10/00000363.jpg	0.105000	0.281294	0.442500	0.476793
/home/cwh/coding/cow_count/r10/00000364.jpg	0.165000	0.284107	0.527500	0.493671
/home/cwh/coding/cow_count/r10/00000366.jpg	0.317500	0.292546	0.637500	0.503516
/home/cwh/coding/cow_count/r10/00000369.jpg	0.537500	0.315049	0.865000	0.504923
/home/cwh/coding/cow_count/r10/00000387.jpg	0.050000	0.306610	0.355000	0.476793
/home/cwh/coding/cow_count/r10/00000389.jpg	0.190000	0.300985	0.490000	0.473980
/home/cwh/coding/cow_count/r10/00000390.jpg	0.290000	0.303797	0.547500	0.466948
/home/cwh/coding/cow_count/r10/00000391.jpg	0.322500	0.302391	0.627500	0.471167
/home/cwh/coding/cow_count/r10/00000409.jpg	0.300000	0.305204	0.630000	0.489451
/home/cwh/coding/cow_count/r10/00000493.jpg	0.585000	0.282700	0.737500	0.378340
/home/cwh/coding/cow_count/r10/00000574.jpg	0.127500	0.284107	0.377500	0.436006
/home/cwh/coding/cow_count/r10/00000575.jpg	0.187500	0.281294	0.440000	0.433193
/home/cwh/coding/cow_count/r10/00000581.jpg	0.015000	0.268636	0.270000	0.451477
/home/cwh/coding/cow_count/r10/00000581.jpg	0.552500	0.310830	0.790000	0.461322
/home/cwh/coding/cow_count/r10/00000582.jpg	0.037500	0.265823	0.390000	0.448664
/home/cwh/coding/cow_count/r10/00000583.jpg	0.127500	0.274262	0.480000	0.448664
/home/cwh/coding/cow_count/r10/00000593.jpg	0.257500	0.265823	0.612500	0.458509
/home/cwh/coding/cow_count/r10/00000596.jpg	0.542500	0.282700	0.912500	0.464135
/home/cwh/coding/cow_count/r10/00000598.jpg	0.702500	0.272855	0.992500	0.447257
/home/cwh/coding/cow_count/r10/00000599.jpg	0.060000	0.265823	0.405000	0.423347
/home/cwh/coding/cow_count/r10/00000600.jpg	0.132500	0.258790	0.490000	0.410689
/home/cwh/coding/cow_count/r10/00000607.jpg	0.010000	0.291139	0.350000	0.514768
/home/cwh/coding/cow_count/r10/00000607.jpg	0.642500	0.267229	0.970000	0.420534
/home/cwh/coding/cow_count/r10/00000608.jpg	0.035000	0.291139	0.417500	0.492264
/home/cwh/coding/cow_count/r10/00000609.jpg	0.125000	0.302391	0.500000	0.489451
/home/cwh/coding/cow_count/r10/00000615.jpg	0.150000	0.265823	0.547500	0.428973
/home/cwh/coding/cow_count/r10/00000616.jpg	0.250000	0.267229	0.640000	0.428973
/home/cwh/coding/cow_count/r10/00000648.jpg	0.442500	0.361463	0.777500	0.565401
/home/cwh/coding/cow_count/r10/00000648.jpg	0.090000	0.347398	0.400000	0.511955
/home/cwh/coding/cow_count/r10/00000649.jpg	0.142500	0.350211	0.475000	0.531646
/home/cwh/coding/cow_count/r10/00000649.jpg	0.545000	0.362869	0.865000	0.555556
/home/cwh/coding/cow_count/r10/00000652.jpg	0.360000	0.353024	0.687500	0.533052
/home/cwh/coding/cow_count/r10/00000695.jpg	0.242500	0.368495	0.560000	0.517581
/home/cwh/coding/cow_count/r10/00000698.jpg	0.462500	0.368495	0.792500	0.533052
/home/cwh/coding/cow_count/r10/00000699.jpg	0.530000	0.364276	0.862500	0.533052
/home/cwh/coding/cow_count/r10/00000702.jpg	0.010000	0.503516	0.300000	0.745429
/home/cwh/coding/cow_count/r10/00000712.jpg	0.385000	0.258790	0.640000	0.428973
/home/cwh/coding/cow_count/r10/00000727.jpg	0.370000	0.353024	0.677500	0.542897
/home/cwh/coding/cow_count/r10/00000744.jpg	0.307500	0.293952	0.607500	0.461322
/home/cwh/coding/cow_count/r10/00000744.jpg	0.070000	0.296765	0.252500	0.395218
/home/cwh/coding/cow_count/r10/00000746.jpg	0.455000	0.288326	0.760000	0.445851
/home/cwh/coding/cow_count/r10/00000747.jpg	0.530000	0.292546	0.862500	0.457103
/home/cwh/coding/cow_count/r10/00000782.jpg	0.255000	0.285513	0.622500	0.464135
/home/cwh/coding/cow_count/r10/00000784.jpg	0.412500	0.319269	0.747500	0.475387
/home/cwh/coding/cow_count/r10/00000806.jpg	-0.012500	0.495077	0.232500	0.729958
/home/cwh/coding/cow_count/r10/00000825.jpg	0.392500	0.334740	0.547500	0.423347
/home/cwh/coding/cow_count/r10/00000826.jpg	0.420000	0.333333	0.592500	0.430380
/home/cwh/coding/cow_count/r10/00000834.jpg	0.697500	0.329114	0.852500	0.417722
/home/cwh/coding/cow_count/r10/00000846.jpg	0.745000	0.507736	1.000000	0.734177
/home/cwh/coding/cow_count/r10/00000851.jpg	0.770000	0.455696	0.995000	0.693390
/home/cwh/coding/cow_count/r10/00000859.jpg	0.677500	0.388186	0.865000	0.537271
/home/cwh/coding/cow_count/r10/00000860.jpg	0.727500	0.375527	0.940000	0.540084
/home/cwh/coding/cow_count/r10/00000869.jpg	0.140000	0.382560	0.435000	0.545710
/home/cwh/coding/cow_count/r10/00000870.jpg	0.220000	0.396624	0.505000	0.531646
/home/cwh/coding/cow_count/r10/00000871.jpg	0.300000	0.360056	0.590000	0.499297
/home/cwh/coding/cow_count/r10/00000871.jpg	0.000000	0.348805	0.195000	0.495077
/home/cwh/coding/cow_count/r10/00000875.jpg	0.225000	0.330520	0.520000	0.493671
/home/cwh/coding/cow_count/r10/00000876.jpg	0.325000	0.326301	0.592500	0.490858
/home/cwh/coding/cow_count/r10/00000876.jpg	0.627500	0.371308	0.872500	0.493671
/home/cwh/coding/cow_count/r10/00000927.jpg	0.337500	0.295359	0.625000	0.458509
/home/cwh/coding/cow_count/r10/00000930.jpg	0.025000	0.306610	0.282500	0.462729
/home/cwh/coding/cow_count/r10/00000931.jpg	0.075000	0.286920	0.372500	0.447257
/home/cwh/coding/cow_count/r10/00000935.jpg	0.425000	0.315049	0.652500	0.465541
/home/cwh/coding/cow_count/r10/00000945.jpg	0.607500	0.414909	0.927500	0.621660
/home/cwh/coding/cow_count/r10/00000958.jpg	0.235000	0.303797	0.467500	0.455696
/home/cwh/coding/cow_count/r10/00000971.jpg	0.200000	0.281294	0.452500	0.406470
/home/cwh/coding/cow_count/r10/00000973.jpg	0.335000	0.278481	0.557500	0.409283
/home/cwh/coding/cow_count/r10/00000976.jpg	0.202500	0.293952	0.442500	0.436006
/home/cwh/coding/cow_count/r10/00000976.jpg	0.525000	0.293952	0.777500	0.407876
/home/cwh/coding/cow_count/r10/00000978.jpg	0.385000	0.296765	0.617500	0.451477
/home/cwh/coding/cow_count/r10/00000978.jpg	0.655000	0.298172	0.907500	0.417722
/home/cwh/coding/cow_count/r10/00000990.jpg	0.010000	0.331927	0.272500	0.479606
/home/cwh/coding/cow_count/r10/00000991.jpg	0.052500	0.334740	0.367500	0.481013
/home/cwh/coding/cow_count/r10/00000992.jpg	0.142500	0.338959	0.425000	0.489451
/home/cwh/coding/cow_count/r10/00000994.jpg	0.322500	0.334740	0.575000	0.481013
/home/cwh/coding/cow_count/r10/00000995.jpg	0.420000	0.348805	0.657500	0.485232
/home/cwh/coding/cow_count/r10/00001017.jpg	0.507500	0.320675	0.705000	0.438819
/home/cwh/coding/cow_count/r10/00001018.jpg	0.562500	0.326301	0.797500	0.441632
/home/cwh/coding/cow_count/r10/00001020.jpg	0.745000	0.316456	0.930000	0.433193
/home/cwh/coding/cow_count/r10/00001126.jpg	0.082500	0.329114	0.262500	0.445851
/home/cwh/coding/cow_count/r10/00001134.jpg	0.317500	0.347398	0.572500	0.492264
/home/cwh/coding/cow_count/r10/00001148.jpg	0.325000	0.354430	0.595000	0.521800
/home/cwh/coding/cow_count/r10/00001148.jpg	0.587500	0.413502	0.900000	0.593530
/home/cwh/coding/cow_count/r10/00001148.jpg	0.002500	0.398031	0.200000	0.547117
/home/cwh/coding/cow_count/r10/00001149.jpg	0.007500	0.379747	0.240000	0.545710
/home/cwh/coding/cow_count/r10/00001149.jpg	0.385000	0.343179	0.652500	0.500703
/home/cwh/coding/cow_count/r10/00001149.jpg	0.672500	0.395218	0.945000	0.578059
/home/cwh/coding/cow_count/r10/00001150.jpg	0.440000	0.338959	0.737500	0.521800
/home/cwh/coding/cow_count/r10/00001150.jpg	0.720000	0.382560	0.982500	0.566807
/home/cwh/coding/cow_count/r10/00001150.jpg	0.020000	0.375527	0.332500	0.548523
/home/cwh/coding/cow_count/r10/00001155.jpg	0.727500	0.354430	0.990000	0.542897
/home/cwh/coding/cow_count/r10/00001155.jpg	0.340000	0.409283	0.680000	0.587904
/home/cwh/coding/cow_count/r10/00001155.jpg	0.002500	0.347398	0.195000	0.540084
/home/cwh/coding/cow_count/r10/00001179.jpg	0.302500	0.388186	0.535000	0.565401
/home/cwh/coding/cow_count/r10/00001184.jpg	0.575000	0.406470	0.792500	0.583685
/home/cwh/coding/cow_count/r10/00001214.jpg	0.187500	0.296765	0.412500	0.437412
/home/cwh/coding/cow_count/r10/00001233.jpg	0.010000	0.378340	0.335000	0.538678
/home/cwh/coding/cow_count/r10/00001248.jpg	0.165000	0.361463	0.472500	0.542897
/home/cwh/coding/cow_count/r10/00001248.jpg	0.540000	0.247539	0.910000	0.466948
/home/cwh/coding/cow_count/r10/00001253.jpg	0.695000	0.351617	1.000000	0.541491
/home/cwh/coding/cow_count/r10/00001253.jpg	0.210000	0.309423	0.607500	0.527426
/home/cwh/coding/cow_count/r10/00001298.jpg	0.005000	0.376934	0.302500	0.571027
/home/cwh/coding/cow_count/r10/00001300.jpg	0.152500	0.368495	0.485000	0.579466
/home/cwh/coding/cow_count/r10/00001314.jpg	0.202500	0.202532	0.520000	0.388186
/home/cwh/coding/cow_count/r10/00001314.jpg	0.737500	0.433193	0.997500	0.627286
/home/cwh/coding/cow_count/r10/00001316.jpg	0.350000	0.189873	0.705000	0.372714
/home/cwh/coding/cow_count/r10/00001316.jpg	0.002500	0.298172	0.322500	0.531646
/home/cwh/coding/cow_count/r10/00001381.jpg	0.472500	0.271449	0.767500	0.428973
/home/cwh/coding/cow_count/r10/00001381.jpg	0.002500	0.275668	0.282500	0.434599
/home/cwh/coding/cow_count/r10/00001382.jpg	0.057500	0.236287	0.395000	0.410689
/home/cwh/coding/cow_count/r10/00001382.jpg	0.607500	0.267229	0.875000	0.419128
/home/cwh/coding/cow_count/r10/00001383.jpg	0.140000	0.263010	0.505000	0.416315
/home/cwh/coding/cow_count/r10/00001383.jpg	0.677500	0.264416	0.967500	0.419128
/home/cwh/coding/cow_count/r10/00001384.jpg	0.250000	0.227848	0.577500	0.424754
/home/cwh/coding/cow_count/r10/00001389.jpg	0.112500	0.296765	0.427500	0.426160
/home/cwh/coding/cow_count/r10/00001390.jpg	0.207500	0.288326	0.535000	0.443038
/home/cwh/coding/cow_count/r10/00001393.jpg	0.012500	0.323488	0.347500	0.566807
/home/cwh/coding/cow_count/r10/00001393.jpg	0.490000	0.271449	0.812500	0.433193
/home/cwh/coding/cow_count/r10/00001394.jpg	0.002500	0.326301	0.472500	0.561181
/home/cwh/coding/cow_count/r10/00001394.jpg	0.612500	0.278481	0.915000	0.434599
/home/cwh/coding/cow_count/r10/00001538.jpg	0.457500	0.286920	0.707500	0.416315
/home/cwh/coding/cow_count/r10/00001542.jpg	0.032500	0.375527	0.580000	0.683544
/home/cwh/coding/cow_count/r10/00001542.jpg	0.677500	0.293952	0.937500	0.407876
/home/cwh/coding/cow_count/r10/00001600.jpg	0.225000	0.247539	0.495000	0.392405
/home/cwh/coding/cow_count/r10/00001603.jpg	0.440000	0.264416	0.652500	0.392405
/home/cwh/coding/cow_count/r10/00001604.jpg	0.515000	0.247539	0.740000	0.376934
/home/cwh/coding/cow_count/r10/00001649.jpg	0.345000	0.309423	0.560000	0.424754
/home/cwh/coding/cow_count/r10/00001672.jpg	0.010000	0.271449	0.247500	0.405063
/home/cwh/coding/cow_count/r10/00001674.jpg	0.115000	0.270042	0.340000	0.402250
/home/cwh/coding/cow_count/r10/00001675.jpg	0.150000	0.270042	0.422500	0.403657
/home/cwh/coding/cow_count/r10/00001676.jpg	0.227500	0.267229	0.482500	0.386779
/home/cwh/coding/cow_count/r10/00001677.jpg	0.270000	0.272855	0.567500	0.400844
/home/cwh/coding/cow_count/r10/00001775.jpg	0.240000	0.372714	0.495000	0.516174
/home/cwh/coding/cow_count/r10/00001779.jpg	0.520000	0.395218	0.815000	0.533052
/home/cwh/coding/cow_count/r10/00001779.jpg	0.000000	0.348805	0.200000	0.488045
/home/cwh/coding/cow_count/r10/00001838.jpg	0.295000	0.382560	0.632500	0.528833
/home/cwh/coding/cow_count/r10/00001838.jpg	0.802500	0.393812	0.995000	0.563994
