data/hard_cattle/1099.jpg	0.080000	0.317862	0.280000	0.443038
data/hard_cattle/1203.jpg	0.440000	0.265823	0.785000	0.382560
data/hard_cattle/1215.jpg	0.480000	0.317862	0.702500	0.433193
data/hard_cattle/1215.jpg	0.732500	0.302391	0.867500	0.468354
data/hard_cattle/1215.jpg	0.047500	0.302391	0.205000	0.500703
data/hard_cattle/1226.jpg	0.582500	0.327707	0.840000	0.475387
data/hard_cattle/1226.jpg	0.857500	0.324895	0.960000	0.503516
data/hard_cattle/1226.jpg	0.042500	0.347398	0.195000	0.454290
data/hard_cattle/1322.jpg	0.417500	0.250352	0.632500	0.490858
data/hard_cattle/1419.jpg	0.672500	0.288326	0.782500	0.601969
data/hard_cattle/1419.jpg	0.092500	0.281294	0.245000	0.594937
data/hard_cattle/1458.jpg	0.615000	0.278481	0.940000	0.455696
data/hard_cattle/1458.jpg	0.235000	0.319269	0.562500	0.504923
data/hard_cattle/1458.jpg	0.022500	0.279887	0.295000	0.481013
data/hard_cattle/1480.jpg	0.655000	0.257384	0.930000	0.361463
data/hard_cattle/1480.jpg	0.252500	0.274262	0.622500	0.473980
data/hard_cattle/1480.jpg	0.245000	0.271449	0.615000	0.479606
data/hard_cattle/1480.jpg	0.027500	0.255977	0.297500	0.451477
data/hard_cattle/1631.jpg	0.177500	0.286920	0.555000	0.400844
data/hard_cattle/1686.jpg	0.415000	0.337553	0.692500	0.469761
data/hard_cattle/1712.jpg	0.507500	0.302391	0.857500	0.454290
data/hard_cattle/1771.jpg	0.222500	0.331927	0.527500	0.511955
data/hard_cattle/1771.jpg	0.425000	0.320675	0.820000	0.431786
data/hard_cattle/1790.jpg	0.475000	0.336146	0.650000	0.528833
data/hard_cattle/1790.jpg	0.020000	0.322082	0.427500	0.412096
data/hard_cattle/1808.jpg	0.342500	0.338959	0.635000	0.596343
data/hard_cattle/1823.jpg	0.112500	0.329114	0.702500	0.452883
data/hard_cattle/1823.jpg	0.725000	0.381153	0.857500	0.587904
data/hard_cattle/1829.jpg	0.527500	0.319269	0.890000	0.405063
data/hard_cattle/1829.jpg	0.270000	0.368495	0.525000	0.464135
data/hard_cattle/1829.jpg	0.045000	0.350211	0.227500	0.466948
data/hard_cattle/273.jpg	0.005000	0.267229	0.285000	0.406470
data/hard_cattle/273.jpg	0.347500	0.247539	0.652500	0.413502
data/hard_cattle/273.jpg	0.687500	0.281294	0.987500	0.448664
data/hard_cattle/311.jpg	0.345000	0.264416	0.647500	0.400844
data/hard_cattle/311.jpg	0.047500	0.254571	0.325000	0.405063
data/hard_cattle/311.jpg	0.682500	0.289733	0.897500	0.468354
data/hard_cattle/317.jpg	0.100000	0.267229	0.382500	0.430380
data/hard_cattle/483.jpg	0.375000	0.260197	0.685000	0.395218
data/hard_cattle/675.jpg	0.047500	0.361463	0.360000	0.599156
data/hard_cattle/703.jpg	0.125000	0.331927	0.410000	0.479606
data/hard_cattle/703.jpg	0.575000	0.305204	0.772500	0.500703
data/hard_cattle/884.jpg	0.367500	0.375527	0.642500	0.506329
data/hard_cattle/884.jpg	0.695000	0.338959	0.912500	0.590717
data/hard_cattle/935.jpg	0.855000	0.344585	0.990000	0.623066
data/hard_cattle/935.jpg	0.010000	0.337553	0.110000	0.611814
data/strange_animal/1024.jpg	0.627500	0.343179	0.867500	0.556962
data/strange_animal/1123.jpg	0.682500	0.340366	0.907500	0.566807
data/strange_animal/1123.jpg	0.195000	0.302391	0.282500	0.537271
data/strange_animal/1145.jpg	0.720000	0.330520	0.900000	0.559775
data/strange_animal/1269.jpg	0.010000	0.320675	0.222500	0.555556
data/strange_animal/1313.jpg	0.605000	0.337553	0.875000	0.445851
data/strange_animal/1379.jpg	0.675000	0.296765	0.922500	0.621660
data/strange_animal/1379.jpg	0.137500	0.421941	0.420000	0.603376
data/strange_animal/1388.jpg	0.370000	0.296765	0.660000	0.604782
data/strange_animal/1388.jpg	0.720000	0.437412	0.990000	0.611814
data/strange_animal/1394.jpg	0.460000	0.300985	0.635000	0.609001
data/strange_animal/1407.jpg	0.200000	0.298172	0.465000	0.604782
data/strange_animal/1407.jpg	0.782500	0.270042	0.977500	0.407876
data/strange_animal/1433.jpg	0.215000	0.264416	0.475000	0.599156
data/strange_animal/1433.jpg	0.707500	0.315049	0.847500	0.582278
data/strange_animal/1441.jpg	0.637500	0.274262	0.872500	0.624473
data/strange_animal/1441.jpg	0.045000	0.271449	0.535000	0.385373
data/strange_animal/1446.jpg	0.705000	0.288326	0.935000	0.617440
data/strange_animal/1446.jpg	0.007500	0.284107	0.237500	0.599156
data/strange_animal/1463.jpg	0.055000	0.282700	0.240000	0.461322
data/strange_animal/1463.jpg	0.315000	0.295359	0.655000	0.497890
data/strange_animal/1463.jpg	0.680000	0.316456	0.980000	0.489451
data/strange_animal/1493.jpg	0.010000	0.260197	0.340000	0.392405
data/strange_animal/1493.jpg	0.390000	0.284107	0.670000	0.465541
data/strange_animal/1499.jpg	0.495000	0.282700	0.795000	0.485232
data/strange_animal/1499.jpg	0.010000	0.279887	0.267500	0.457103
data/strange_animal/1499.jpg	0.202500	0.271449	0.400000	0.482419
data/strange_animal/1506.jpg	0.335000	0.277075	0.495000	0.502110
data/strange_animal/1506.jpg	0.530000	0.305204	0.802500	0.655415
data/strange_animal/1506.jpg	0.012500	0.306610	0.215000	0.627286
data/strange_animal/1525.jpg	0.662500	0.313643	0.952500	0.541491
data/strange_animal/1525.jpg	0.130000	0.295359	0.347500	0.654008
data/strange_animal/1539.jpg	0.737500	0.305204	0.947500	0.628692
data/strange_animal/1539.jpg	0.025000	0.278481	0.340000	0.412096
data/strange_animal/1553.jpg	0.247500	0.296765	0.455000	0.592124
data/strange_animal/1565.jpg	0.205000	0.302391	0.427500	0.630098
data/strange_animal/1565.jpg	0.672500	0.306610	0.947500	0.634318
data/strange_animal/1583.jpg	0.007500	0.310830	0.142500	0.623066
data/strange_animal/1583.jpg	0.305000	0.306610	0.712500	0.399437
data/strange_animal/1583.jpg	0.855000	0.298172	0.975000	0.606188
data/strange_animal/1595.jpg	0.380000	0.305204	0.762500	0.426160
data/strange_animal/1595.jpg	0.785000	0.299578	0.980000	0.627286
data/strange_animal/1605.jpg	0.342500	0.320675	0.515000	0.632911
data/strange_animal/1610.jpg	0.570000	0.267229	0.772500	0.355837
data/strange_animal/1617.jpg	0.215000	0.299578	0.462500	0.613221
data/strange_animal/1617.jpg	0.892500	0.291139	0.990000	0.504923
data/strange_animal/1624.jpg	0.712500	0.295359	0.985000	0.617440
data/strange_animal/1637.jpg	0.172500	0.306610	0.510000	0.614627
data/strange_animal/1637.jpg	0.642500	0.289733	0.987500	0.620253
data/strange_animal/1681.jpg	0.077500	0.313643	0.357500	0.489451
data/strange_animal/1681.jpg	0.497500	0.402250	0.735000	0.556962
data/strange_animal/1699.jpg	0.487500	0.300985	0.692500	0.599156
data/strange_animal/1734.jpg	0.197500	0.320675	0.407500	0.606188
data/strange_animal/1734.jpg	0.605000	0.324895	0.797500	0.586498
data/strange_animal/1852.jpg	0.790000	0.338959	0.987500	0.590717
data/strange_animal/195.jpg	0.200000	0.260197	0.577500	0.437412
data/strange_animal/195.jpg	0.635000	0.300985	0.792500	0.455696
data/strange_animal/222.jpg	0.487500	0.268636	0.690000	0.614627
data/strange_animal/222.jpg	0.002500	0.243319	0.275000	0.448664
data/strange_animal/245.jpg	0.637500	0.275668	0.960000	0.503516
data/strange_animal/245.jpg	0.830000	0.344585	0.972500	0.639944
data/strange_animal/254.jpg	0.642500	0.267229	0.877500	0.620253
data/strange_animal/254.jpg	0.065000	0.308017	0.260000	0.596343
data/strange_animal/264.jpg	0.135000	0.284107	0.482500	0.451477
data/strange_animal/264.jpg	0.535000	0.278481	0.772500	0.376934
data/strange_animal/264.jpg	0.037500	0.229255	0.205000	0.341772
data/strange_animal/287.jpg	0.530000	0.246132	0.710000	0.441632
data/strange_animal/303.jpg	0.440000	0.253165	0.725000	0.502110
data/strange_animal/303.jpg	0.132500	0.284107	0.447500	0.458509
data/strange_animal/331.jpg	0.155000	0.282700	0.460000	0.609001
data/strange_animal/331.jpg	0.735000	0.279887	0.897500	0.634318
data/strange_animal/355.jpg	0.030000	0.229255	0.430000	0.459916
data/strange_animal/365.jpg	0.010000	0.229255	0.252500	0.556962
data/strange_animal/365.jpg	0.532500	0.241913	0.775000	0.485232
data/strange_animal/391.jpg	0.657500	0.250352	0.945000	0.437412
data/strange_animal/467.jpg	0.190000	0.305204	0.547500	0.500703
data/strange_animal/467.jpg	0.627500	0.312236	0.967500	0.616034
data/strange_animal/499.jpg	0.080000	0.299578	0.507500	0.427567
data/strange_animal/499.jpg	0.505000	0.278481	0.812500	0.471167
data/strange_animal/506.jpg	0.270000	0.251758	0.577500	0.507736
data/strange_animal/506.jpg	0.665000	0.322082	0.870000	0.593530
data/strange_animal/506.jpg	0.030000	0.282700	0.247500	0.562588
data/strange_animal/566.jpg	0.452500	0.284107	0.780000	0.436006
data/strange_animal/576.jpg	0.025000	0.285513	0.205000	0.559775
data/strange_animal/586.jpg	0.035000	0.292546	0.227500	0.617440
data/strange_animal/601.jpg	0.705000	0.302391	0.965000	0.607595
data/strange_animal/601.jpg	0.072500	0.265823	0.235000	0.596343
data/strange_animal/608.jpg	0.437500	0.282700	0.715000	0.563994
data/strange_animal/615.jpg	0.075000	0.469761	0.417500	0.642757
data/strange_animal/624.jpg	0.560000	0.313643	0.832500	0.646976
data/strange_animal/669.jpg	0.545000	0.360056	0.947500	0.631505
data/strange_animal/683.jpg	0.565000	0.345992	0.972500	0.607595
data/strange_animal/683.jpg	0.147500	0.488045	0.285000	0.638537
data/strange_animal/696.jpg	0.692500	0.337553	0.962500	0.637131
data/strange_animal/731.jpg	0.005000	0.315049	0.207500	0.509142
data/strange_animal/875.jpg	0.087500	0.317862	0.247500	0.565401
data/strange_animal/875.jpg	0.850000	0.323488	0.977500	0.610408
data/strange_animal/893.jpg	0.325000	0.338959	0.572500	0.604782
data/strange_animal/893.jpg	0.120000	0.329114	0.360000	0.472574
data/strange_animal/893.jpg	0.825000	0.330520	0.975000	0.613221
data/strange_animal/926.jpg	0.680000	0.305204	0.932500	0.409283
data/strange_animal/926.jpg	0.010000	0.306610	0.167500	0.559775
data/strange_animal/926.jpg	0.530000	0.316456	0.635000	0.604782
data/strange_animal/941.jpg	0.692500	0.336146	0.932500	0.625879
data/strange_animal/958.jpg	0.012500	0.298172	0.272500	0.582278
data/strange_animal/958.jpg	0.745000	0.333333	0.992500	0.497890
data/strange_animal/972.jpg	0.532500	0.315049	0.770000	0.597750
data/strange_animal/978.jpg	0.000000	0.306610	0.385000	0.578059
data/strange_animal/986.jpg	0.512500	0.343179	0.935000	0.583685
data/strange_animal/986.jpg	0.017500	0.317862	0.292500	0.596343